1
2
3
4
5
6
7
8
9
10
11
12
13
14
15
16
17
18
19
20
21
22
23
24
25
26
27
28
29
30
31
32
33
34
35
36
37
38
39
40
41
42
43
44
45
46
47
48
49
50
51
52
53
54
55
76
78
150
153
285
320
538
553
558
635
660
663
759
856
1001
1406
1707
1814
1895
1947
2087
2091
2094
2101
2198
2247
2381
2604
3050
3073
3145
3191
3480
3504
3564
3639
3778
3877
4050
4221
4463
4505
4692
4854
4991
5011
5130
5196
5233
5257
5322
5375
5393
5498
5657
5736
5743
5744
5765
5766
5847
5880
6167
6255
6309
6310
6312
6483
6804
6866
6869
6874
6877
6971
6975
6977
7017
7038
7090
7118
7214
7246
7305
7396
7805
8022
8026
8328
8459
8550
8658
8678
8688
8696
8790
8827
8828
8835
8886
8887
8943
8999
9039
9141
9249
9276
9471
10046
10122
10129
10157
10239
10266
10554
10716
10764
10986
11048
11074
11083
11392
11535
12041
12164
12413
12491
12506
12685
12698
12751
13117
13161
13193
13239
13402
13408
13476
13512
13513
13514
13571
13599
13650
13686
13687
13693
14197
14222
14223
14225
14277
14488
14536
14548
14553
14851
14852
15075
15103
15199
15230
15435
15513
15521
15769
15771
15922
16130
16132
16188
16210
16290
16537
16738
16787
16887
16988
17096
17178
17179
17182
17479
17567
17668
17675
17716
17754
17848
18297
18445
18465
18505
18506
18690
18716
19250
19286
19298
19299
19338
19339
19344
19369
19406
19482
19484
19548
19732
20056
20123
20126
20128
20254
20465
20857
21149
21151
21209
21212
21281
21302
21304
21305
21379
21550
21551
21575
21609
21658
21968
21987
22329
22335
22389
22393
22410
22416
22420
22488
22500
22506
22515
22516
22521
22651
22661
22797
22802
22892
22904
23016
23116
23122
23144
23162
23288
23291
23292
23302
23343
23519
23652
23738
23745
23763
23766
23775
23855
24389
24390
24410
24497
24557
24622
24673
24728
24933
24942
25202
25381
25382
25446
25798
25902
25908
25961
26549
26700
26709
27033
27534
27658
27660
27720
27760
27761
27784
27792
28004
28005
28006
28008
28184
28253
28517
28559
28676
28780
28881
28882
28883
28886
28985
29037
29039
29049
29058
29378
29425
29427
29428
29553
29594
29737
29783
29786
29804
29805
29806
29807
29808
29809
29810
29811
29812
29813
29814
29815
29816
29817
29818
29819
29820
29821
29822
29823
29824
29825
29826
29827
29828
29829
29830
29831
29832
29833
29834
29835
29836
29837
29838
29839
29840
29841
29842
29843
29844
29845
29846
29847
29848
29849
29850
29851
29852
29853
29854
29855
29856
29857
29858
29859
29860
29861
29862
29863
29864
29865
29866
29867
29868
29869
29870
29871
29872
29873
29874
29875
29876
29877
29878
29879
29880
29881
29882
29883
29884
29885
29886
29887
29888
29889
29890
29891
29892
29893
29894
29895
29896
29897
29898
29899
29900
29901
29902
29903
